    6.56    1.47    7.92    4.35    1.54    6.23    4.71    0.73    1.74    5.66    2.25
    1.28    4.44    1.98    3.00   12.79    2.37    2.92    1.40    3.22   13.71    4.28
    1.28    6.29   17.05   24.18    0.94    2.91    9.08    3.13   57.68   12.75   57.86
    1.03    0.82   12.71    8.67   46.58   11.07    5.28    4.28    8.40    1.26    3.33
    1.46   14.98    7.65    1.22   26.03   14.91    1.04   21.10    3.30    3.25    3.81
    1.97    4.71    4.56    2.63   14.60    4.72   15.42    2.98    0.66    2.20   11.10
   14.92    1.46    2.37   11.00  325.18    1.99    0.78    1.26    2.74    4.29    3.60
    2.16    3.98    1.68    7.03    2.46    2.97    1.65    3.07  585.02    3.65   11.13
    2.36   26.05    1.51 1536.99   84.13    2.50   23.69    4.60    4.11    8.49   72.78
    4.03   13.56    2.98    1.36    9.99    0.53    4.93    4.80    2.84    1.14    1.53
    1.38    5.95    2.31    3.93   38.61    9.28    1.05    4.42   17.52   13.29    1.41
    2.40   28.88    2.73    3.32   35.54   13.25    8.18    1.84    6.60    2.54    1.86
   17.16    5.46    1.34    3.49   33.79    2.08    2.17    9.31   50.09    2.39    6.14
    2.60    1.60    1.89    4.46    8.08    1.17    1.04    1.05    2.34   13.01   11.29
    4.31    2.15   30.32    1.67   32.96    3.10    1.70    1.80    1.01    8.85    2.22
    1.03    3.46    0.54 5096.32    3.09   14.56   11.13   36.13   10.05    4.02    2.66
   25.56   12.38    8.55   10.19    5.29    1.57    8.66    8.94    2.43   19.45   16.15
    0.94  239.27    2.96    4.84    4.52   11.99    1.26    2.52    2.78    1.72    2.43
    1.74    8.89    1.37    1.63    6.26    2.55    3.83    3.76    1.58    2.86    1.38
    8.38  215.87   27.51    3.47    1.73    3.89    1.70   31.09    9.19   11.51    1.04
    1.27    0.42    3.68   13.26   16.91    6.01    4.18   22.11    4.58    4.31   14.92
    8.70    4.89    1.11    7.27    0.93    4.84    5.36   15.09    0.73    1.63    2.14
  145.46    1.00    3.09  103.53    2.40    2.54   17.21    2.08   14.38    1.44    1.81
    5.19    7.28   29.13    2.40    6.65   12.05    6.71    3.54    1.44    2.87    1.44
    1.39   20.34    0.77    5.65    0.83    1.77    9.61    4.74   26.91    1.97    3.85
    1.77    1.42    1.84   22.22    8.02    5.13  144.21    2.55    3.94    2.45    1.92
    2.41    1.14    7.47    1.20   59.21    2.18   25.70    1.34    3.08    0.95    7.15
    5.96    2.32    3.96
